{
  "A": 1.0,
  "B": 0.2705882489681244,
  "Diffuse": 0,
  "G": 0.2705882489681244,
  "R": 0.2705882489681244
}
