{
  "A": 1.0,
  "B": 0.800000011920929,
  "Diffuse": 295774402,
  "G": 0.800000011920929,
  "R": 0.800000011920929
}
