{
  "A": 1.0,
  "B": 0.5882353186607361,
  "Diffuse": 1637714624,
  "G": 0.5882353186607361,
  "R": 0.5882353186607361
}
