{
  "A": 1.0,
  "B": 0.05882353335618973,
  "Diffuse": 0,
  "G": 0.4549019932746887,
  "R": 0.30980393290519714
}
