{
  "A": 1.0,
  "B": 0.5879999995231628,
  "Diffuse": 2144229836,
  "G": 0.5879999995231628,
  "R": 0.5879999995231628
}
