{
  "A": 1.0,
  "B": 0.47040000557899475,
  "Diffuse": 952839174,
  "G": 0.47040000557899475,
  "R": 0.47040000557899475
}
